99285
54753 89027
91427 -87595
67678 97765
-65196 -87589
55444 -66307
64531 -67090
56667 61628
-56217 -90403
-68829 66717
88223 60230
-83343 -95139
98533 61409
55480 -68250
-51883 -78901
60351 -85426
-70121 72409
92352 -87982
-95304 -82082
59146 72676
-67621 -67200
63931 -87122
-75771 -74618
84969 95909
-97380 92704
-81206 -69800
59097 -65121
-90705 -67367
77840 91181
71798 -56253
-82876 95636
-66750 -97239
66697 69456
-67958 60161
92383 96615
-56300 53303
56464 83913
54312 73071
-96871 -69518
65019 65276
74008 -94971
-62255 72334
68929 77879
-86893 85204
-87094 85677
-74503 -89657
95528 85297
66253 -85629
85152 60307
98388 56294
75802 53682
-78226 95557
-64194 -51720
82897 66940
-85991 -67069
-57365 -85636
-94169 68178
68505 92362
-50394 -56442
-57959 -78906
-61738 51738
-82997 -59205
-70360 70131
70385 -75357
79806 -90223
-69383 59795
94001 -78697
99226 -51589
-85913 -83573
-90046 53899
-96272 78754
-75013 79181
-91226 83824
50026 77859
68094 -51706
77886 -67241
-90035 72717
-99138 80653
-86416 66929
-92488 87494
-97324 97198
57250 -94178
-58599 54384
97774 56209
-92433 90533
50501 -58399
73577 50562
-65116 -70784
-54398 -92683
-62677 -68051
53604 -93124
58390 -83655
-60975 64039
70325 -93122
-87159 -65082
77555 -70811
58025 -70926
70366 87886
-83008 -51051
-63038 75761
82036 -52641
72184 -88803
-97269 -61957
-82506 -55475
97948 89710
85071 83505
-73029 -55385
-54031 -76407
-59093 96603
68208 -78475
-77855 -95090
90987 97932
67679 -95503
-50897 81688
87126 -72752
77628 -94493
-94017 -83949
-84593 56636
-95253 -57450
51143 -54396
-65442 84143
-58421 68492
91988 -94293
72949 81488
52286 -62112
-71132 -52353
63088 -61598
-76650 -82692
84989 -98937
-80655 -88008
63155 -59452
-50872 -64656
-91906 65324
69823 61910
-66268 66470
87158 85608
85677 90943
84558 -56947
86812 -68101
-82899 64016
98376 -51651
55703 71306
-66836 -50332
86214 84396
91594 -91634
-69586 87820
74888 -99446
59162 55641
76082 -75723
86385 -80014
-91855 -64341
84755 -94790
84628 85317
63386 -97471
62535 -80707
-62245 -89182
-78810 -52807
80603 -74089
55721 91958
68035 63535
-57696 -85911
-65506 93255
95437 98273
54308 99737
67019 -67382
82397 -61361
-62426 -59396
94747 -93689
84814 59363
63038 -59545
-96799 -52326
-79689 -79262
51612 -51699
-79662 -50994
53621 52701
-85039 -68762
85808 -98848
-82474 85214
-58184 72185
-84999 -86584
94884 -80849
-79116 76741
55635 57809
85862 -55646
51658 -57425
-55651 60104
70505 68596
-53860 92465
-71668 54541
99836 -70819
90106 -92647
55762 94402
70599 -81159
66497 79093
87475 68006
97545 53938
-86253 53434
-71250 -69845
-54573 -84385
78954 -56833
-68065 -94854
79045 63931
-52772 -64008
50744 65883
-87658 73877
-51486 -52366
50811 50776
-70938 65968
83386 -68198
-54968 53833
-68622 -69901
59988 85470
94381 -70867
86430 -94546
67080 -98652
91724 90574
-78648 55423
-89320 66042
58687 -79226
-79127 -93420
-61166 -99066
-96674 84526
81615 68889
-86569 -90112
68922 73693
55896 61992
67470 -56016
-58275 74390
68346 -90618
93540 74023
72435 82696
84823 74457
-81821 66633
-65855 -78840
-52022 -95447
-97311 -90124
-72284 -59512
-84314 95308
77585 -57038
86805 81690
-61533 95129
-77230 -79315
70899 54759
84827 -96211
-54771 88023
68341 -96482
-77045 73313
-57898 -92159
-61378 -55494
86614 -71903
-91329 58624
-98964 68478
91347 -57554
-70630 -51534
80425 82490
-65017 93278
-70400 -66448
82527 69411
64736 66924
86905 82633
-74959 -61079
-89219 86672
-81464 99792
68829 -75589
-60391 79784
-89234 85062
84425 82405
-87053 -73258
-91107 -59189
58494 -73939
-83197 86672
67621 -77432
-89490 -52932
84613 -71674
50013 71245
-94297 -74917
-86957 -78963
91610 -59546
-79612 55150
95265 -74138
-85304 64082
-77123 54974
60670 -75008
91800 -71198
-54988 -60000
-79531 76422
-56623 80551
-77591 -71261
-65560 -72542
-64888 -73808
-61320 -53836
73252 69269
-77182 89803
50445 58343
-84619 51181
77915 58898
-81332 -95281
-72895 81697
-82494 60984
-73559 59318
82072 -64546
96197 65943
-88476 -67573
-57332 -84051
-57143 -51752
-50854 -65667
-50640 92513
54756 -54124
-78923 -81905
-63911 82562
93958 -58342
-94794 67712
61483 -56119
-87609 -53434
-55712 -66027
-83521 -75015
81129 -62956
82906 -68007
56376 51453
-99924 -85934
-74753 91461
74754 73424
-81822 -91995
55099 -82535
88455 79284
66037 -71662
-89123 50623
-64308 -72257
-87167 -76237
91518 96185
87301 84772
-90758 69122
86743 -93967
58748 63715
-56593 74673
90627 64280
-65244 -60027
82045 -72532
-82896 -61067
-80383 -79956
-57936 72247
50878 -52950
68406 67333
61234 50791
50511 -95302
87372 -54194
-98724 69084
84507 64839
-75134 74997
-70274 78891
-99050 -80295
-66976 64055
-67241 66648
-70012 -57214
93699 85021
57458 -78376
55166 51549
-51259 71605
60785 77244
98193 -91393
-88119 -91387
-78111 -57660
-79735 -82155
87750 78278
53475 -86115
-70775 51386
-90351 84854
68297 -88401
75961 -90661
-80543 -72723
90890 -79260
55883 74225
-76788 90627
76270 78630
-72023 96521
57242 -72974
-77295 59121
92067 -69299
58614 56154
-70072 86808
88635 70791
92484 78141
-86576 -95176
-50227 -79374
-57793 76298
72634 77436
55044 -90205
-62522 69547
-91685 -87138
82151 92031
-92275 69421
-62294 -92862
62383 -79034
96201 78023
-55693 97402
-70422 65970
-99518 54742
-62547 98869
93281 -76039
57554 99185
-67214 76774
50524 -96672
61520 65310
-81670 -88691
-73543 -64497
-96058 -67771
89248 80064
99084 -73256
-64359 -64756
93045 -80341
-89804 -96372
-67559 51418
-90731 -62356
-60853 68910
86118 -60584
-66057 -79935
-85894 -54336
57313 50780
65696 82985
66390 -67984
72157 72274
92068 -67294
-66009 94073
-91707 98371
-74795 53906
64763 69008
52297 -60250
60779 66945
-62784 72356
-90300 -92475
68960 -66379
-69454 -73215
-62490 81297
-74654 82478
-66194 64416
93946 99257
-59517 98231
89929 -83029
57655 89432
-97437 -64285
59708 -91982
-53507 -96133
62692 55030
81225 80722
-69941 -81438
80008 -87255
67819 63768
-70602 66496
-86721 73290
96547 -61820
-85508 57058
-71910 -66386
-65837 59608
73748 -80735
-92737 62190
-69681 97850
52650 65328
97907 55565
-77014 79413
52214 -57740
68060 73271
79138 -67406
65853 85248
-89819 -73935
-92522 -62337
-59075 58949
92202 -64661
65045 -61694
-77237 93221
-77734 -88814
61003 59476
-56191 78300
76349 -62947
-72783 75225
-68868 -96390
78398 70674
-58876 -87117
98221 -83346
91748 91429
-85902 -58024
73493 -64572
92438 -79819
-75008 78280
-60480 -75242
-56353 50939
-66607 -67374
95803 -80727
-69857 -60711
-53197 -95979
-65435 -70088
-84518 80795
97615 -68792
-92859 61061
83748 -58677
68123 62514
94608 97630
53243 52482
64837 87867
-52034 -74541
84327 62409
84596 -83537
-53146 -52241
-54462 -94378
-64008 85408
-81626 -98978
66335 60652
-55943 86983
-74513 -67097
-90778 78502
56250 53355
-53521 59690
78797 -77212
-90149 60417
89841 59815
-69238 69765
79165 -63082
-87704 79599
-96944 -77017
71970 70504
-51745 -83685
-93613 -56817
-57257 -85578
99419 87096
69167 71318
-97966 99777
-57314 56764
-51706 80648
-56145 87015
-81951 -57631
-94307 -76242
72758 55659
50892 96429
-92298 64595
78582 61555
86451 -79617
96308 -80555
99100 -84555
-91125 99394
99291 -98863
-80233 -98704
-68946 92556
-87076 -88673
63004 86301
-70333 66765
98127 -92046
-70088 -70723
-61891 69116
-61323 80737
82963 -92055
97555 78999
-67303 -69855
-66741 56320
-95592 78828
51398 77976
-99428 62138
66271 -89857
-85283 79249
-58896 67882
68442 -53090
-94659 85124
82509 -86055
-78237 -51184
65803 62088
-96003 -67543
73605 63443
59931 92380
-83739 61964
79753 96777
-92845 91225
69132 85378
-99008 97557
-88453 -71256
74830 -73937
-52484 82442
-52322 -97619
56943 -95555
51070 -99011
63233 -93335
-54290 91908
-55605 -72023
65686 77831
68044 -94270
-92980 -85401
96273 60120
-71833 -67736
-64525 -93307
76373 78997
98302 -75746
-56900 98802
-59651 -90468
53890 61492
-91222 76605
72793 -84517
76223 -67872
59534 -96411
94505 63344
-86757 73971
83352 -79438
81652 -86698
-90964 67704
59090 -69562
57236 -80752
93965 89147
-51210 66451
-81248 56644
76518 -70013
-78058 -51167
-57835 55638
74128 -92355
87011 96653
50034 97457
93567 -57614
94279 -73666
-83335 -92248
-87638 78394
-65762 -62359
-73399 97642
-57942 81307
-78788 -52117
54927 -51805
-51775 -63648
71286 -57287
-94249 -77578
-83577 -52169
-86430 50893
-64546 65177
-93045 57656
-88531 64649
74274 -79332
-96474 -95772
82968 94400
93913 -58041
69634 -83631
-78503 -86536
-50338 -73741
66866 91709
86505 -82932
-78104 74467
79915 96333
-62258 51707
-99234 -84124
53395 54294
-61785 52602
60812 -78739
57761 73529
-79715 -55240
53467 78328
-98291 -53628
98102 50562
-56766 -81491
88767 -69440
-77594 57853
-89312 -95754
95696 96008
-64930 75522
-59685 -90528
-68565 77380
-94904 -54440
83214 54332
-89141 66108
-96341 77366
92772 97947
69440 84891
71877 -69038
-76697 -78266
-66167 93595
-93764 -99870
-77064 -87813
-52272 94729
-52180 57974
-97864 -87917
65206 54909
-81622 -71228
62152 66435
-53855 -90604
-82549 84465
51065 96571
-96918 -86418
71892 -59855
-94780 -68509
-98871 62911
57730 56657
-98960 -63162
-87756 90979
-83526 -70439
52955 90186
76386 58458
-84547 71791
-86136 68374
-73532 -73135
73140 -85096
-58907 50485
60058 -52076
-72555 72042
-58224 89330
-75296 71195
-97649 -94978
76848 -92336
79757 99558
88721 84367
-67225 91631
-81246 66090
-77323 94671
-65301 76686
90654 62869
-52983 -75558
66730 -66116
-60065 -88865
-62086 -93525
-55877 -86219
-97260 -84669
-58215 90868
-60928 73123
76185 -59865
82280 -72357
-70942 82000
59317 -66895
84101 -96719
-69410 -91606
-87615 -84989
71980 89337
-64054 53726
85018 92948
91270 -75700
-99477 -58619
53618 -60977
75367 98402
-69536 -78746
-53838 78574
-69373 -99154
-54374 -63282
-96321 65493
73235 65773
-81615 -80961
-91803 -57338
78409 -96089
61588 -69044
90528 -82954
-76585 99406
98888 -89818
56508 -93786
-54238 59374
-79987 -55739
80003 72237
-71019 -82368
62697 96532
-84768 -54698
-94500 -53490
-69136 75525
76462 54928
-94972 -79041
-73186 -84481
83983 -76483
-96496 -68064
-63486 58795
-58472 -56869
88971 97281
64464 -95364
-57934 66998
-84003 91258
-98270 -96809
-81272 68913
-60292 -95713
84241 -55307
88560 97162
-90378 75642
-62577 -91473
5193 ... (truncated)